1234567891
1234567891
1234567891
1234
1234567891
1234567891
1234567891
1234
1234567891
1234567891
1234567891
1234
1234567891
1234567891
1234567891
12341234567891
1234567891
1234567891
12341234567891
1234567891
1234567891
12341234567891
1234567891
1234567891
12341234567891
1234567891
1234567891
12341234567891
1234567891
1234567891
12341234567891
1234567891
1234567891
12341234567891
1234567891
1234567891
12341234567891
1234567891
1234567891
12341234567891
1234567891
1234567891
12341234567891
1234567891
1234567891
12341234567891
1234567891
1234567891
12341234567891
1234567891
1234567891
12341234567891
1234567891
1234567891
12341234567891
1234567891
1234567891
12341234567891
1234567891
1234567891
12341234567891
1234567891
1234567891
12341234567891
1234567891
1234567891
12341234567891
1234567891
1234567891
1234
1234567891
1234567891
1234567891
1234
1234567891
1234567891
1234567891
1234
1234567891
1234567891
1234567891
1234
1234567891
1234567891
1234567891
1234
1234567891
1234567891
1234567891
12341234567891
1234567891
1234567891
12341234567891
1234567891
1234567891
12341234567891
1234567891
1234567891
12341234567891
1234567891
1234567891
12341234567891
1234567891
1234567891
12341234567891
1234567891
1234567891
12341234567891
1234567891
1234567891
12341234567891
1234567891
1234567891
12341234567891
1234567891
1234567891
12341234567891
1234567891
1234567891
12341234567891
1234567891
1234567891
12341234567891
1234567891
1234567891
12341234567891
1234567891
1234567891
12341234567891
1234567891
1234567891
12341234567891
1234567891
1234567891
12341234567891
1234567891
1234567891
12341234567891
1234567891
1234567891
12341234567891
1234567891
1234567891
1234
1234567891
1234567891
1234567891
1234
1234567891
1234567891
1234567891
1234567891
1234567891
1234567891
1234567891
1234567891
1234567891
123